,X,Y,Class
1500,-0.577,-0.652,1
1501,-0.522,-0.644,1
1502,-0.714,-0.781,1
1503,-0.557,-0.656,1
1504,-0.366,-0.544,1
1505,-0.43,-0.517,1
1506,-0.329,-0.482,1
1507,-0.337,-0.49,1
1508,-0.467,-0.554,1
1509,-0.488,-0.59,1
1510,-0.388,-0.493,1
1511,-0.516,-0.577,1
1512,-0.581,-0.75,1
1513,-0.464,-0.51,1
1514,-0.486,-0.592,1
1515,-0.654,-0.694,1
1516,-0.426,-0.476,1
1517,-0.386,-0.511,1
1518,-0.39,-0.48,1
1519,-0.405,-0.504,1
1520,-0.435,-0.458,1
1521,-0.595,-0.705,1
1522,-0.652,-0.674,1
1523,-0.678,-0.722,1
1524,-0.476,-0.563,1
1525,-0.39,-0.501,1
1526,-0.287,-0.467,1
1527,-0.446,-0.59,1
1528,-0.842,-0.877,1
1529,-0.402,-0.528,1
1530,-0.672,-0.728,1
1531,-0.351,-0.448,1
1532,-0.349,-0.449,1
1533,-0.532,-0.593,1
1534,-0.49,-0.516,1
1535,-0.654,-0.673,1
1536,-0.406,-0.523,1
1537,-0.234,-0.416,1
1538,-0.534,-0.636,1
1539,-0.486,-0.56,1
1540,-0.66,-0.766,1
1541,-0.137,-0.427,1
1542,-0.338,-0.517,1
1543,-0.341,-0.423,1
1544,-0.516,-0.584,1
1545,-0.632,-0.639,1
1546,-0.591,-0.687,1
1547,-0.455,-0.491,1
1548,-0.66,-0.67,1
1549,-0.554,-0.607,1
1550,-0.664,-0.641,1
1551,-0.592,-0.612,1
1552,-0.576,-0.688,1
1553,-0.614,-0.597,1
1554,-0.568,-0.691,1
1555,-0.571,-0.605,1
1556,-0.342,-0.375,1
1557,-0.388,-0.527,1
1558,-0.46,-0.558,1
1559,-0.364,-0.425,1
1560,-0.388,-0.451,1
1561,-0.614,-0.664,1
1562,-0.363,-0.443,1
1563,-0.656,-0.789,1
1564,-0.382,-0.492,1
1565,-0.492,-0.555,1
1566,-0.415,-0.587,1
1567,-0.761,-0.814,1
1568,-0.579,-0.635,1
1569,-0.602,-0.651,1
1570,-0.672,-0.716,1
1571,-0.514,-0.542,1
1572,-0.55,-0.662,1
1573,-0.168,-0.429,1
1574,-0.544,-0.622,1
1575,-0.518,-0.58,1
1576,-0.483,-0.547,1
1577,-0.622,-0.704,1
1578,-0.652,-0.753,1
1579,-0.559,-0.638,1
1580,-0.348,-0.519,1
1581,-0.683,-0.728,1
1582,-0.49,-0.579,1
1583,-0.496,-0.612,1
1584,-0.445,-0.556,1
1585,-0.399,-0.57,1
1586,-0.627,-0.637,1
1587,-0.649,-0.663,1
1588,-0.388,-0.499,1
1589,-0.557,-0.582,1
1590,-0.315,-0.416,1
1591,-0.482,-0.57,1
1592,-0.427,-0.579,1
1593,-0.389,-0.535,1
1594,-0.439,-0.571,1
1595,-0.588,-0.623,1
1596,-0.503,-0.549,1
1597,-0.49,-0.583,1
1598,-0.521,-0.602,1
1599,-0.42,-0.568,1
1600,-0.636,-0.729,1
1601,-0.448,-0.515,1
1602,-0.375,-0.464,1
1603,-0.351,-0.477,1
1604,-0.472,-0.524,1
1605,-0.431,-0.518,1
1606,-0.468,-0.542,1
1607,-0.601,-0.649,1
1608,-0.479,-0.58,1
1609,-0.333,-0.434,1
1610,-0.529,-0.574,1
1611,-0.588,-0.709,1
1612,-0.464,-0.551,1
1613,-0.552,-0.599,1
1614,-0.681,-0.717,1
1615,-0.529,-0.583,1
1617,-0.713,-0.71,1
1618,-0.604,-0.665,1
1619,-0.167,-0.272,1
1620,-0.376,-0.542,1
1621,-0.594,-0.742,1
1622,-0.446,-0.56,1
1623,-0.469,-0.509,1
1624,-0.256,-0.483,1
1625,-0.444,-0.547,1
1626,-0.515,-0.576,1
1627,-0.421,-0.518,1
1628,-0.808,-0.852,1
1629,-0.348,-0.426,1
1630,-0.433,-0.461,1
1631,-0.583,-0.627,1
1632,-0.667,-0.677,1
1633,-0.437,-0.498,1
1634,-0.376,-0.469,1
1635,-0.577,-0.658,1
1636,-0.455,-0.531,1
1637,-0.795,-0.821,1
1638,-0.324,-0.492,1
1639,-0.302,-0.432,1
1640,-0.517,-0.576,1
1641,-0.597,-0.653,1
1642,-0.153,-0.449,1
1643,-0.488,-0.614,1
1644,-0.36,-0.548,1
1645,-0.362,-0.431,1
1646,-0.522,-0.606,1
1647,-0.436,-0.534,1
1648,-0.184,-0.428,1
1649,-0.694,-0.755,1
1650,-0.419,-0.514,1
1651,-0.491,-0.571,1
1652,-0.632,-0.658,1
1653,-0.512,-0.592,1
1654,-0.293,-0.465,1
1655,-0.496,-0.529,1
1656,-0.454,-0.626,1
1657,-0.44,-0.581,1
1658,-0.445,-0.473,1
1659,-0.288,-0.446,1
1660,-0.654,-0.682,1
1661,-0.421,-0.528,1
1662,-0.581,-0.599,1
1663,-0.545,-0.629,1
1664,-0.479,-0.58,1
1665,-0.448,-0.529,1
1666,-0.658,-0.759,1
1667,-0.328,-0.495,1
1668,-0.503,-0.545,1
1669,-0.493,-0.555,1
1670,-0.399,-0.567,1
1671,-0.439,-0.51,1
1672,-0.765,-0.808,1
1673,-0.588,-0.622,1
1674,-0.325,-0.465,1
1675,-0.511,-0.529,1
1676,-0.49,-0.583,1
1677,-0.527,-0.595,1
1678,-0.549,-0.601,1
1679,-0.656,-0.655,1
1680,-0.078,-0.267,1
1681,-0.723,-0.76,1
1682,-0.644,-0.71,1
1683,-0.387,-0.479,1
1684,-0.356,-0.547,1
1685,-0.336,-0.43,1
1686,-0.501,-0.589,1
1687,-0.438,-0.492,1
1688,-0.471,-0.599,1
1689,-0.521,-0.647,1
1690,-0.458,-0.54,1
1691,-0.458,-0.591,1
1692,-0.547,-0.621,1
1693,-0.407,-0.514,1
1694,-0.476,-0.518,1
1695,-0.752,-0.76,1
1696,-0.425,-0.509,1
1697,-0.385,-0.482,1
1698,-0.581,-0.616,1
1699,-0.693,-0.707,1
1700,-0.498,-0.579,1
1701,-0.623,-0.771,1
1702,-0.475,-0.57,1
1703,-0.358,-0.437,1
1704,-0.336,-0.461,1
1705,-0.529,-0.572,1
1706,-0.456,-0.529,1
1707,-0.567,-0.647,1
1708,-0.376,-0.532,1
1709,-0.478,-0.551,1
1710,-0.307,-0.432,1
1711,-0.689,-0.783,1
1712,-0.368,-0.478,1
1713,-0.377,-0.479,1
1714,-0.42,-0.572,1
1715,-0.351,-0.441,1
1716,-0.453,-0.632,1
1717,-0.386,-0.564,1
1718,-0.552,-0.621,1
1719,-0.438,-0.577,1
1720,-0.479,-0.518,1
1721,-0.454,-0.487,1
1722,-0.708,-0.767,1
1723,-0.459,-0.576,1
1724,-0.689,-0.683,1
1725,-0.601,-0.697,1
1726,-0.603,-0.635,1
1727,-0.648,-0.663,1
1728,-0.382,-0.516,1
1729,-0.439,-0.541,1
1730,-0.421,-0.509,1
1731,-0.511,-0.599,1
1732,-0.462,-0.57,1
1733,-0.684,-0.812,1
1734,-0.689,-0.735,1
1735,-0.593,-0.626,1
1736,0.058,-0.153,1
1737,-0.604,-0.731,1
1738,-0.55,-0.653,1
1739,-0.381,-0.481,1
1740,-0.458,-0.553,1
1741,-0.368,-0.545,1
1742,-0.501,-0.602,1
1743,-0.335,-0.409,1
1744,-0.533,-0.582,1
1745,-0.674,-0.744,1
1746,-0.403,-0.52,1
1747,-0.431,-0.504,1
1748,-0.702,-0.738,1
1749,-0.228,-0.363,1
1750,-0.556,-0.602,1
1751,-0.386,-0.507,1
1752,-0.614,-0.729,1
1753,-0.663,-0.714,1
1754,-0.489,-0.531,1
1755,-0.495,-0.49,1
1756,-0.674,-0.66,1
1757,-0.23,-0.455,1
1758,-0.614,-0.639,1
1759,-0.446,-0.56,1
1760,-0.123,-0.415,1
1761,-0.366,-0.45,1
1762,-0.546,-0.568,1
1763,-0.453,-0.511,1
1764,-0.533,-0.553,1
1765,-0.673,-0.704,1
1766,-0.332,-0.45,1
1767,-0.616,-0.667,1
1768,-0.555,-0.602,1
1769,-0.394,-0.51,1
1770,-0.627,-0.613,1
1771,-0.534,-0.6,1
1772,-0.607,-0.687,1
1773,-0.4,-0.594,1
1774,-0.436,-0.516,1
1775,-0.563,-0.671,1
1776,-0.37,-0.496,1
1777,-0.548,-0.576,1
1778,-0.351,-0.412,1
1779,-0.428,-0.512,1
1780,-0.438,-0.536,1
1781,-0.535,-0.602,1
1782,-0.322,-0.347,1
1783,-0.552,-0.607,1
1784,-0.459,-0.517,1
1785,-0.393,-0.502,1
1786,-0.435,-0.54,1
1787,-0.674,-0.764,1
1788,-0.533,-0.584,1
1789,-0.647,-0.681,1
1790,-0.441,-0.531,1
1791,-0.46,-0.554,1
1792,-0.508,-0.546,1
1793,-0.589,-0.6,1
1794,-0.552,-0.605,1
1795,-0.589,-0.706,1
1796,-0.286,-0.424,1
1797,-0.583,-0.683,1
1798,-0.277,-0.432,1
1799,-0.513,-0.583,1
1800,-0.392,-0.521,1
1801,-0.265,-0.437,1
1802,-0.48,-0.558,1
1803,-0.633,-0.664,1
1804,-0.421,-0.468,1
1805,-0.458,-0.566,1
1806,-0.403,-0.468,1
1807,-0.21,-0.46,1
1808,-0.702,-0.7,1
1809,-0.605,-0.681,1
1810,-0.551,-0.565,1
1811,-0.555,-0.623,1
1812,-0.292,-0.399,1
1813,-0.416,-0.457,1
1814,-0.159,-0.405,1
1815,-0.503,-0.568,1
1816,-0.469,-0.622,1
1817,-0.494,-0.525,1
1818,-0.42,-0.549,1
1819,-0.355,-0.453,1
1820,-0.523,-0.578,1
1821,-0.444,-0.49,1
1822,-0.09,-0.309,1
1823,-0.506,-0.613,1
1824,-0.588,-0.67,1
1825,-0.537,-0.626,1
1826,-0.695,-0.774,1
1827,-0.385,-0.507,1
1828,-0.436,-0.441,1
1829,-0.457,-0.474,1
1830,-0.428,-0.479,1
1831,-0.569,-0.668,1
1832,-0.164,-0.29,1
1833,-0.548,-0.577,1
1834,-0.417,-0.47,1
1835,-0.416,-0.5,1
1836,-0.295,-0.446,1
1837,-0.677,-0.714,1
1838,-0.558,-0.618,1
1839,-0.244,-0.414,1
1840,-0.558,-0.645,1
1841,-0.508,-0.573,1
1842,-0.548,-0.594,1
1843,-0.442,-0.513,1
1844,-0.457,-0.589,1
1845,-0.567,-0.637,1
1846,-0.603,-0.627,1
1847,-0.494,-0.505,1
1848,-0.439,-0.48,1
1849,-0.52,-0.594,1
1850,-0.529,-0.621,1
1851,-0.633,-0.783,1
1852,-0.515,-0.631,1
1853,-0.419,-0.438,1
1854,-0.295,-0.419,1
1855,-0.57,-0.631,1
1856,-0.514,-0.533,1
1857,-0.447,-0.512,1
1858,-0.385,-0.523,1
1859,-0.553,-0.607,1
1860,-0.299,-0.419,1
1861,-0.513,-0.654,1
1862,-0.421,-0.54,1
1863,-0.499,-0.574,1
1864,-0.15,-0.358,1
1865,-0.452,-0.491,1
1866,-0.54,-0.571,1
1867,-0.301,-0.476,1
1868,-0.598,-0.685,1
1869,-0.448,-0.563,1
1870,-0.281,-0.385,1
1871,-0.332,-0.525,1
1872,-0.466,-0.572,1
1873,-0.534,-0.583,1
1874,-0.385,-0.507,1
1875,-0.358,-0.494,1
1876,-0.64,-0.706,1
1877,-0.659,-0.742,1
1878,-0.612,-0.668,1
1879,-0.448,-0.462,1
1880,-0.368,-0.451,1
1881,-0.68,-0.778,1
1882,-0.403,-0.52,1
1883,-0.442,-0.602,1
1884,-0.676,-0.75,1
1885,-0.473,-0.539,1
1886,-0.51,-0.572,1
1887,-0.497,-0.546,1
1888,-0.148,-0.327,1
1889,-0.41,-0.545,1
1890,-0.83,-0.874,1
1891,-0.267,-0.43,1
1892,-0.389,-0.601,1
1893,-0.682,-0.737,1
1894,-0.712,-0.8,1
1895,-0.651,-0.724,1
1896,-0.579,-0.639,1
1897,-0.439,-0.54,1
1898,-0.396,-0.478,1
1899,-0.753,-0.821,1
1900,-0.733,-0.778,1
1901,-0.372,-0.478,1
1902,-0.51,-0.628,1
1903,-0.394,-0.512,1
1904,-0.139,-0.414,1
1905,-0.703,-0.723,1
1906,-0.506,-0.643,1
1907,-0.612,-0.761,1
1908,-0.574,-0.672,1
1909,-0.476,-0.578,1
1910,-0.403,-0.467,1
1911,-0.64,-0.757,1
1912,-0.442,-0.628,1
1913,-0.548,-0.591,1
1914,-0.374,-0.482,1
1915,-0.786,-0.807,1
1916,-0.311,-0.517,1
1917,-0.47,-0.572,1
1918,-0.458,-0.554,1
1919,-0.688,-0.712,1
1920,-0.466,-0.572,1
1921,-0.575,-0.645,1
1922,-0.507,-0.599,1
1923,-0.221,-0.388,1
1924,-0.447,-0.531,1
1925,-0.391,-0.508,1
1926,-0.31,-0.508,1
1927,-0.455,-0.505,1
1928,-0.635,-0.66,1
1929,-0.444,-0.499,1
1930,-0.425,-0.504,1
1931,-0.577,-0.584,1
1932,-0.418,-0.485,1
1933,-0.594,-0.618,1
1934,-0.41,-0.459,1
1935,-0.575,-0.659,1
1936,-0.121,-0.423,1
1937,-0.348,-0.503,1
1938,-0.474,-0.515,1
1939,-0.388,-0.548,1
1940,-0.375,-0.439,1
1941,-0.485,-0.598,1
1942,-0.736,-0.752,1
1943,-0.673,-0.755,1
1944,-0.394,-0.417,1
1945,-0.368,-0.44,1
1946,-0.649,-0.717,1
1947,-0.317,-0.377,1
1948,-0.254,-0.389,1
1949,-0.403,-0.531,1
1950,-0.65,-0.745,1
1951,-0.149,-0.404,1
1952,-0.633,-0.659,1
1953,-0.422,-0.477,1
1954,-0.47,-0.559,1
1955,-0.447,-0.523,1
1956,-0.544,-0.624,1
1957,-0.369,-0.465,1
1958,-0.404,-0.582,1
1959,-0.703,-0.796,1
1960,-0.367,-0.479,1
1961,-0.55,-0.626,1
1962,-0.593,-0.625,1
1963,-0.446,-0.533,1
1964,-0.686,-0.74,1
1965,-0.556,-0.588,1
1966,-0.546,-0.571,1
1967,-0.463,-0.533,1
1968,-0.346,-0.493,1
1969,-0.594,-0.67,1
1970,-0.264,-0.439,1
1971,-0.428,-0.577,1
1972,-0.397,-0.477,1
1973,-0.498,-0.591,1
1974,-0.253,-0.467,1
1975,-0.587,-0.709,1
1976,-0.522,-0.558,1
1977,-0.397,-0.555,1
1978,-0.724,-0.762,1
1979,-0.648,-0.752,1
1980,-0.576,-0.604,1
1981,-0.489,-0.602,1
1982,-0.416,-0.519,1
1983,-0.534,-0.611,1
1984,-0.527,-0.581,1
1985,-0.287,-0.396,1
1986,-0.4,-0.47,1
1987,-0.606,-0.67,1
1988,-0.486,-0.566,1
1989,-0.455,-0.556,1
1990,-0.141,-0.426,1
1991,-0.418,-0.594,1
1992,-0.577,-0.682,1
1993,-0.515,-0.604,1
1994,-0.594,-0.778,1
1995,-0.559,-0.666,1
1996,-0.381,-0.551,1
1997,-0.432,-0.544,1
1998,-0.446,-0.574,1
1999,-0.502,-0.589,1
4000,-0.931,-0.828,0
4001,-0.879,-0.812,0
4002,-0.907,-0.814,0
4003,-0.952,-0.907,0
4004,-0.937,-0.846,0
4005,-0.796,-0.72,0
4006,-0.915,-0.843,0
4007,-0.959,-0.884,0
4008,-0.913,-0.796,0
4009,-0.876,-0.834,0
4010,-0.917,-0.842,0
4011,-0.982,-0.875,0
4012,-0.962,-0.93,0
4013,-0.812,-0.745,0
4014,-0.908,-0.825,0
4015,-0.961,-0.867,0
4016,-0.962,-0.812,0
4017,-1.049,-0.948,0
4018,-0.921,-0.864,0
4019,-0.867,-0.79,0
4020,-0.914,-0.821,0
4021,-0.994,-0.892,0
4022,-0.928,-0.798,0
4023,-0.795,-0.704,0
4024,-0.952,-0.879,0
4025,-0.923,-0.855,0
4026,-1.016,-0.923,0
4027,-1.043,-0.937,0
4028,-0.907,-0.847,0
4029,-0.886,-0.793,0
4030,-0.934,-0.848,0
4031,-0.896,-0.839,0
4032,-0.981,-0.883,0
4033,-1.006,-0.92,0
4034,-1.009,-0.948,0
4035,-0.87,-0.811,0
4036,-0.974,-0.882,0
4037,-0.835,-0.744,0
4038,-0.751,-0.696,0
4039,-0.962,-0.86,0
4040,-0.946,-0.861,0
4041,-0.963,-0.885,0
4042,-0.939,-0.825,0
4043,-0.937,-0.842,0
4044,-0.929,-0.872,0
4045,-0.894,-0.832,0
4046,-0.816,-0.792,0
4047,-0.938,-0.894,0
4048,-1.052,-0.952,0
4049,-0.916,-0.862,0
4050,-0.86,-0.804,0
4051,-0.824,-0.769,0
4052,-0.856,-0.802,0
4053,-0.917,-0.876,0
4054,-0.985,-0.882,0
4055,-0.961,-0.851,0
4056,-0.857,-0.834,0
4057,-0.957,-0.87,0
4058,-1.035,-0.907,0
4059,-0.891,-0.864,0
4060,-0.837,-0.803,0
4061,-0.937,-0.881,0
4062,-0.939,-0.875,0
4063,-0.865,-0.79,0
4064,-0.961,-0.883,0
4065,-0.904,-0.825,0
4066,-0.911,-0.819,0
4067,-0.85,-0.791,0
4068,-0.964,-0.911,0
4069,-0.946,-0.873,0
4070,-0.968,-0.913,0
4071,-0.999,-0.92,0
4072,-0.951,-0.853,0
4073,-0.859,-0.811,0
4074,-0.914,-0.832,0
4075,-0.957,-0.866,0
4076,-0.935,-0.869,0
4077,-0.868,-0.78,0
4078,-0.808,-0.748,0
4079,-1.041,-0.925,0
4080,-1.005,-0.903,0
4081,-1.037,-0.928,0
4082,-0.914,-0.829,0
4083,-0.989,-0.893,0
4084,-1.015,-0.914,0
4085,-1.038,-0.969,0
4086,-0.791,-0.743,0
4087,-0.964,-0.849,0
4088,-0.967,-0.884,0
4089,-0.954,-0.873,0
4090,-0.897,-0.805,0
4091,-0.937,-0.888,0
4092,-0.927,-0.787,0
4093,-0.95,-0.882,0
4094,-0.89,-0.83,0
4095,-0.896,-0.83,0
4096,-0.98,-0.88,0
4097,-0.839,-0.806,0
4098,-0.974,-0.878,0
4099,-0.815,-0.737,0
4100,-0.93,-0.875,0
4101,-0.975,-0.902,0
4102,-0.841,-0.842,0
4103,-0.934,-0.855,0
4104,-0.942,-0.876,0
4105,-0.983,-0.898,0
4106,-0.762,-0.704,0
4107,-0.992,-0.89,0
4108,-0.861,-0.791,0
4109,-0.894,-0.806,0
4110,-0.998,-0.906,0
4111,-0.895,-0.81,0
4112,-0.767,-0.711,0
4113,-0.905,-0.821,0
4114,-0.867,-0.752,0
4115,-1.014,-0.902,0
4116,-1.0,-0.906,0
4117,-0.919,-0.85,0
4118,-0.897,-0.825,0
4119,-0.946,-0.853,0
4120,-0.945,-0.863,0
4121,-0.873,-0.826,0
4122,-1.015,-0.934,0
4123,-0.96,-0.862,0
4124,-0.906,-0.827,0
4125,-0.908,-0.862,0
4126,-0.906,-0.831,0
4127,-0.915,-0.797,0
4128,-0.869,-0.772,0
4129,-0.912,-0.835,0
4130,-1.029,-0.897,0
4131,-0.91,-0.818,0
4132,-0.928,-0.868,0
4133,-0.99,-0.906,0
4134,-0.953,-0.852,0
4135,-0.945,-0.854,0
4136,-0.908,-0.825,0
4137,-0.962,-0.843,0
4138,-0.889,-0.833,0
4139,-0.948,-0.887,0
4140,-0.949,-0.869,0
4141,-0.842,-0.772,0
4142,-0.832,-0.764,0
4143,-0.92,-0.869,0
4144,-0.91,-0.821,0
4145,-0.886,-0.801,0
4146,-0.959,-0.862,0
4147,-0.963,-0.868,0
4148,-0.868,-0.8,0
4149,-0.898,-0.784,0
4150,-0.845,-0.791,0
4151,-0.9,-0.842,0
4152,-1.006,-0.91,0
4153,-0.922,-0.853,0
4154,-0.98,-0.89,0
4155,-0.983,-0.895,0
4156,-1.01,-0.889,0
4157,-0.893,-0.8,0
4158,-0.946,-0.892,0
4159,-0.857,-0.778,0
4160,-0.996,-0.886,0
4161,-0.945,-0.85,0
4162,-0.958,-0.874,0
4163,-0.896,-0.793,0
4164,-0.893,-0.825,0
4165,-0.99,-0.884,0
4166,-0.913,-0.838,0
4167,-0.985,-0.922,0
4168,-1.015,-0.887,0
4169,-0.834,-0.779,0
4170,-0.919,-0.821,0
4171,-0.784,-0.765,0
4172,-0.997,-0.909,0
4173,-0.942,-0.868,0
4174,-0.92,-0.854,0
4175,-1.017,-0.942,0
4176,-0.961,-0.847,0
4177,-0.892,-0.775,0
4178,-0.928,-0.854,0
4179,-0.968,-0.884,0
4180,-0.883,-0.776,0
4181,-1.026,-0.928,0
4182,-0.942,-0.835,0
4183,-0.91,-0.811,0
4184,-1.026,-0.909,0
4185,-0.932,-0.832,0
4186,-0.909,-0.864,0
4187,-0.953,-0.871,0
4188,-0.844,-0.774,0
4189,-0.885,-0.8,0
4190,-0.847,-0.749,0
4191,-0.911,-0.836,0
4192,-0.913,-0.853,0
4193,-0.902,-0.827,0
4194,-0.861,-0.808,0
4195,-0.867,-0.806,0
4196,-0.973,-0.892,0
4197,-0.908,-0.814,0
4198,-0.99,-0.92,0
4199,-0.868,-0.77,0
4200,-0.8,-0.729,0
4201,-0.935,-0.872,0
4202,-0.965,-0.891,0
4203,-0.913,-0.835,0
4204,-1.115,-1.006,0
4205,-0.983,-0.896,0
4206,-0.891,-0.805,0
4207,-0.962,-0.868,0
4208,-0.856,-0.792,0
4209,-0.971,-0.873,0
4210,-0.881,-0.824,0
4211,-0.878,-0.801,0
4212,-0.942,-0.873,0
4213,-1.006,-0.887,0
4214,-0.919,-0.824,0
4215,-0.867,-0.816,0
4216,-0.879,-0.822,0
4217,-0.934,-0.852,0
4218,-0.898,-0.842,0
4219,-0.896,-0.838,0
4220,-0.959,-0.868,0
4221,-0.943,-0.875,0
4222,-0.788,-0.742,0
4223,-0.795,-0.767,0
4224,-0.801,-0.714,0
4225,-0.861,-0.769,0
4226,-0.937,-0.867,0
4227,-0.852,-0.763,0
4228,-0.95,-0.817,0
4229,-0.767,-0.756,0
4230,-0.978,-0.881,0
4231,-0.838,-0.803,0
4232,-0.962,-0.898,0
4233,-1.096,-1.006,0
4234,-1.008,-0.908,0
4235,-0.87,-0.792,0
4236,-1.077,-0.944,0
4237,-1.041,-0.959,0
4238,-0.942,-0.849,0
4239,-0.819,-0.741,0
4240,-0.887,-0.851,0
4241,-0.964,-0.902,0
4242,-1.021,-0.939,0
4243,-0.933,-0.863,0
4244,-0.823,-0.739,0
4245,-0.97,-0.9,0
4246,-0.88,-0.815,0
4247,-0.876,-0.763,0
4248,-0.996,-0.898,0
4249,-0.984,-0.902,0
4250,-0.936,-0.854,0
4251,-0.802,-0.742,0
4252,-0.995,-0.926,0
4253,-0.992,-0.917,0
4254,-0.936,-0.838,0
4255,-0.932,-0.838,0
4256,-0.913,-0.81,0
4257,-0.936,-0.861,0
4258,-0.913,-0.845,0
4259,-0.934,-0.835,0
4260,-0.971,-0.872,0
4261,-0.868,-0.791,0
4262,-0.983,-0.898,0
4263,-0.951,-0.884,0
4264,-0.838,-0.786,0
4265,-0.864,-0.804,0
4266,-0.967,-0.905,0
4267,-0.876,-0.796,0
4268,-0.9,-0.804,0
4269,-1.047,-0.984,0
4270,-0.874,-0.811,0
4271,-0.915,-0.835,0
4272,-0.942,-0.866,0
4273,-0.879,-0.776,0
4274,-0.878,-0.791,0
4275,-0.73,-0.705,0
4276,-0.835,-0.79,0
4277,-0.874,-0.794,0
4278,-0.933,-0.875,0
4279,-0.989,-0.934,0
4280,-1.058,-0.971,0
4281,-0.861,-0.788,0
4282,-0.969,-0.871,0
4283,-0.905,-0.838,0
4284,-0.958,-0.867,0
4285,-0.94,-0.872,0
4286,-0.883,-0.78,0
4287,-0.949,-0.908,0
4288,-0.969,-0.887,0
4289,-0.845,-0.77,0
4290,-0.899,-0.835,0
4291,-0.937,-0.873,0
4292,-1.03,-0.905,0
4293,-0.954,-0.896,0
4294,-0.882,-0.82,0
4295,-0.893,-0.799,0
4296,-0.909,-0.824,0
4297,-0.923,-0.819,0
4298,-0.88,-0.806,0
4299,-0.896,-0.844,0
4300,-1.042,-0.937,0
4301,-0.956,-0.902,0
4302,-0.893,-0.799,0
4303,-0.969,-0.885,0
4304,-0.966,-0.874,0
4305,-0.98,-0.913,0
4306,-0.957,-0.876,0
4307,-0.918,-0.833,0
4308,-0.937,-0.871,0
4309,-0.993,-0.896,0
4310,-0.938,-0.845,0
4311,-0.889,-0.833,0
4312,-0.765,-0.737,0
4313,-1.011,-0.943,0
4314,-0.856,-0.802,0
4315,-0.925,-0.856,0
4316,-0.996,-0.917,0
4317,-0.928,-0.859,0
4318,-0.821,-0.769,0
4319,-0.932,-0.876,0
4320,-0.803,-0.73,0
4321,-0.926,-0.862,0
4322,-0.99,-0.878,0
4323,-0.825,-0.758,0
4324,-0.921,-0.822,0
4325,-0.954,-0.859,0
4326,-0.939,-0.876,0
4327,-1.011,-0.949,0
4328,-0.85,-0.792,0
4329,-0.95,-0.869,0
4330,-0.947,-0.845,0
4331,-0.911,-0.83,0
4332,-0.814,-0.725,0
4333,-0.878,-0.847,0
4334,-0.793,-0.754,0
4335,-0.948,-0.863,0
4336,-0.859,-0.804,0
4337,-1.02,-0.955,0
4338,-0.959,-0.883,0
4339,-0.941,-0.835,0
4340,-0.844,-0.8,0
4341,-0.924,-0.826,0
4342,-0.85,-0.787,0
4343,-0.892,-0.83,0
4344,-0.963,-0.875,0
4345,-0.938,-0.88,0
4346,-0.871,-0.753,0
4347,-0.876,-0.806,0
4348,-1.012,-0.936,0
4349,-0.917,-0.869,0
4350,-0.965,-0.835,0
4351,-1.055,-0.967,0
4352,-0.984,-0.894,0
4353,-0.968,-0.871,0
4354,-0.923,-0.852,0
4355,-0.927,-0.855,0
4356,-0.837,-0.733,0
4357,-0.937,-0.906,0
4358,-0.959,-0.879,0
4359,-0.954,-0.871,0
4360,-0.865,-0.742,0
4361,-0.982,-0.877,0
4362,-1.023,-0.924,0
4363,-0.81,-0.77,0
4364,-1.0,-0.909,0
4365,-0.937,-0.855,0
4366,-0.92,-0.871,0
4367,-0.944,-0.901,0
4368,-0.934,-0.871,0
4369,-0.937,-0.844,0
4370,-0.836,-0.769,0
4371,-0.995,-0.917,0
4372,-1.064,-0.964,0
4373,-0.868,-0.747,0
4374,-0.892,-0.821,0
4375,-0.867,-0.789,0
4376,-1.003,-0.938,0
4377,-0.879,-0.789,0
4378,-0.885,-0.814,0
4379,-0.929,-0.841,0
4380,-0.976,-0.904,0
4381,-0.927,-0.86,0
4382,-0.868,-0.792,0
4383,-0.978,-0.906,0
4384,-0.89,-0.803,0
4385,-0.953,-0.906,0
4386,-0.931,-0.851,0
4387,-0.905,-0.834,0
4388,-1.001,-0.922,0
4389,-0.983,-0.878,0
4390,-1.07,-0.942,0
4391,-0.939,-0.887,0
4392,-0.885,-0.797,0
4393,-0.994,-0.906,0
4394,-0.925,-0.859,0
4395,-0.894,-0.807,0
4396,-0.958,-0.87,0
4397,-0.995,-0.918,0
4398,-0.883,-0.818,0
4399,-0.804,-0.748,0
4400,-0.894,-0.8,0
4401,-0.937,-0.855,0
4402,-0.783,-0.749,0
4403,-0.932,-0.845,0
4404,-0.983,-0.879,0
4405,-0.912,-0.83,0
4406,-0.907,-0.814,0
4407,-0.8,-0.759,0
4408,-0.9,-0.814,0
4409,-0.9,-0.798,0
4410,-0.988,-0.916,0
4411,-0.824,-0.746,0
4412,-0.892,-0.809,0
4413,-0.997,-0.894,0
4414,-0.785,-0.718,0
4415,-0.936,-0.819,0
4416,-0.885,-0.801,0
4417,-0.977,-0.909,0
4418,-0.932,-0.884,0
4419,-0.934,-0.845,0
4420,-0.876,-0.795,0
4421,-0.986,-0.89,0
4422,-0.964,-0.87,0
4423,-0.953,-0.895,0
4424,-0.908,-0.839,0
4425,-0.833,-0.785,0
4426,-0.882,-0.801,0
4427,-0.91,-0.842,0
4428,-0.859,-0.819,0
4429,-1.006,-0.913,0
4430,-0.986,-0.903,0
4431,-0.94,-0.861,0
4432,-0.898,-0.86,0
4433,-0.872,-0.8,0
4434,-0.912,-0.867,0
4435,-0.897,-0.816,0
4436,-1.012,-0.943,0
4437,-0.882,-0.801,0
4438,-0.9,-0.825,0
4439,-0.826,-0.798,0
4440,-0.945,-0.875,0
4441,-0.903,-0.82,0
4442,-0.825,-0.72,0
4443,-0.865,-0.798,0
4444,-0.968,-0.877,0
4445,-0.884,-0.817,0
4446,-0.811,-0.769,0
4447,-0.88,-0.796,0
4448,-1.032,-0.972,0
4449,-0.89,-0.811,0
4450,-0.886,-0.807,0
4451,-0.924,-0.861,0
4452,-0.878,-0.824,0
4453,-0.913,-0.845,0
4454,-0.884,-0.827,0
4455,-1.022,-0.936,0
4456,-0.966,-0.853,0
4457,-0.843,-0.76,0
4458,-0.899,-0.805,0
4459,-0.923,-0.882,0
4460,-0.876,-0.82,0
4461,-0.889,-0.819,0
4462,-0.868,-0.776,0
4463,-0.921,-0.865,0
4464,-0.981,-0.869,0
4465,-0.743,-0.691,0
4466,-0.809,-0.767,0
4467,-0.91,-0.847,0
4468,-0.838,-0.745,0
4469,-0.922,-0.835,0
4470,-0.947,-0.857,0
4471,-0.817,-0.732,0
4472,-0.945,-0.853,0
4473,-0.901,-0.823,0
4474,-0.89,-0.778,0
4475,-0.918,-0.874,0
4476,-0.9,-0.834,0
4477,-0.968,-0.892,0
4478,-0.926,-0.844,0
4479,-0.92,-0.842,0
4480,-0.889,-0.818,0
4481,-0.921,-0.82,0
4482,-0.977,-0.921,0
4483,-0.883,-0.793,0
4484,-0.94,-0.847,0
4485,-0.926,-0.849,0
4486,-0.958,-0.87,0
4487,-1.072,-0.91,0
4488,-0.885,-0.81,0
4489,-0.948,-0.867,0
4490,-0.954,-0.847,0
4491,-0.925,-0.851,0
4492,-1.028,-0.931,0
4493,-0.841,-0.762,0
4494,-0.925,-0.853,0
4495,-1.05,-0.959,0
4496,-0.773,-0.757,0
4497,-1.077,-1.003,0
4498,-0.885,-0.792,0
4499,-0.868,-0.799,0
